■９行目　open/close問題：closeとopen要素間に"],"を追加すると解決しそう

{"type":"Feature","geometry":{"type":"MultiPolygon","coordinates":[[[[132.3352864,34.3518280],[132.3354753,34.3514410],[132.3357983,34.3515641],[132.3366350,34.3519037],[132.3367929,34.3522861],[132.3369758,34.3523603],[132.3366017,34.3529469],[132.3362284,34.3527792],[132.3362538,34.3527366],[132.3358177,34.3525596],[132.3358612,34.3524905],[132.3355458,34.3523436],[132.3355734,34.3522960],[132.3352864,34.3518280]][[[132.3369318,34.3514651],[132.3368347,34.3515024],[132.3367030,34.3512673],[132.3368000,34.3512301],[132.3368000,34.3512301],[132.3373834,34.3510070],[132.3375151,34.3512421],[132.3369318,34.3514651]]]]},"properties":{"name":"廿日市市立廿日市小学校"}},

Element:1820537/廿日市市立廿日市小学校
outer/close/S:[132.3352864,34.3518280]/E:[132.3352864,34.3518280]
outer/open/S:[132.3369318,34.3514651]/E:[132.3368000,34.3512301]
outer/open/S:[132.3368000,34.3512301]/E:[132.3369318,34.3514651]

Element:1820537/廿日市市立廿日市小学校
multipolygon/way/outer/[132.3352864,34.3518280],[132.3354753,34.3514410],[132.3357983,34.3515641],[132.3366350,34.3519037],[132.3367929,34.3522861],[132.3369758,34.3523603],[132.3366017,34.3529469],[132.3362284,34.3527792],[132.3362538,34.3527366],[132.3358177,34.3525596],[132.3358612,34.3524905],[132.3355458,34.3523436],[132.3355734,34.3522960],[132.3352864,34.3518280]/close
multipolygon/way/outer/[132.3369318,34.3514651],[132.3368347,34.3515024],[132.3367030,34.3512673],[132.3368000,34.3512301]/open
multipolygon/way/outer/[132.3368000,34.3512301],[132.3373834,34.3510070],[132.3375151,34.3512421],[132.3369318,34.3514651]/open

■１０行目　openにより２つの閉領域を構成

{"type":"Feature","geometry":{"type":"MultiPolygon","coordinates":[[[[132.3051234,34.3240373],[132.3051873,34.3240723],[132.3050624,34.3242280],[132.3049985,34.3241930],[132.3049985,34.3241930],[132.3048397,34.3243910],[132.3045916,34.3242553],[132.3048981,34.3238731],[132.3051462,34.3240089],[132.3051234,34.3240373],,]]]},"properties":{"name":"廿日市市立阿品台西小学校"}},

Element:1820910/廿日市市立阿品台西小学校
outer/open/S:[132.3053418,34.3240737]/E:[132.3054291,34.3256811]
outer/open/S:[132.3054291,34.3256811]/E:[132.3053418,34.3240737]
outer/open/S:[132.3049985,34.3241930]/E:[132.3051234,34.3240373]
outer/open/S:[132.3051234,34.3240373]/E:[132.3049985,34.3241930]

Element:1820910/廿日市市立阿品台西小学校
multipolygon/way/outer/[132.3053418,34.3240737],[132.3052986,34.3240673],[132.3043366,34.3252526],[132.3048863,34.3258348],[132.3054291,34.3256811]/open
multipolygon/way/outer/[132.3054291,34.3256811],[132.3062304,34.3254541],[132.3062814,34.3253732],[132.3062703,34.3253411],[132.3062200,34.3252203],[132.3061640,34.3251013],[132.3061022,34.3249842],[132.3060349,34.3248692],[132.3059621,34.3247565],[132.3058840,34.3246463],[132.3058006,34.3245387],[132.3057121,34.3244340],[132.3056186,34.3243322],[132.3055203,34.3242336],[132.3054174,34.3241383],[132.3053418,34.3240737]/open
multipolygon/way/outer/[132.3049985,34.3241930],[132.3048397,34.3243910],[132.3045916,34.3242553],[132.3048981,34.3238731],[132.3051462,34.3240089],[132.3051234,34.3240373]/open
multipolygon/way/outer/[132.3051234,34.3240373],[132.3051873,34.3240723],[132.3050624,34.3242280],[132.3049985,34.3241930]/open

■１５行目　openにより２つの閉領域を構成

{"type":"Feature","geometry":{"type":"MultiPolygon","coordinates":[[[[132.2702129,34.2915416],[132.2705953,34.2912930],[132.2706508,34.2913201],[132.2707174,34.2914515],[132.2707755,34.2916208],[132.2706172,34.2917492],[132.2705981,34.2918322],[132.2705937,34.2920400],[132.2706269,34.2920596],[132.2706175,34.2922128],[132.2706860,34.2922082],[132.2707433,34.2922159],[132.2707896,34.2922464],[132.2708247,34.2922923],[132.2708247,34.2923534],[132.2707951,34.2924085],[132.2705058,34.2925864],[132.2706989,34.2927876],[132.2704880,34.2929405],[132.2702511,34.2932401],[132.2700823,34.2934160],[132.2699514,34.2935244],[132.2693556,34.2935336],[132.2693630,34.2933257],[132.2693593,34.2929252],[132.2693593,34.2929252],[132.2693482,34.2928640],[132.2692113,34.2926347],[132.2690928,34.2923412],[132.2691002,34.2922862],[132.2691346,34.2922425],[132.2702129,34.2915416],,]]]},"properties":{"name":"大野学園"}},

Element:2193992/大野学園
multipolygon/way/outer/[132.2702129,34.2915416],[132.2705953,34.2912930],[132.2706508,34.2913201],[132.2707174,34.2914515],[132.2707755,34.2916208],[132.2706172,34.2917492],[132.2705981,34.2918322],[132.2705937,34.2920400],[132.2706269,34.2920596],[132.2706175,34.2922128],[132.2706860,34.2922082],[132.2707433,34.2922159],[132.2707896,34.2922464],[132.2708247,34.2922923],[132.2708247,34.2923534],[132.2707951,34.2924085],[132.2705058,34.2925864],[132.2706989,34.2927876],[132.2704880,34.2929405],[132.2702511,34.2932401],[132.2700823,34.2934160],[132.2699514,34.2935244],[132.2693556,34.2935336],[132.2693630,34.2933257],[132.2693593,34.2929252]/open
multipolygon/way/outer/[132.2693593,34.2929252],[132.2693482,34.2928640],[132.2692113,34.2926347],[132.2690928,34.2923412],[132.2691002,34.2922862],[132.2691346,34.2922425],[132.2702129,34.2915416]/open
multipolygon/way/outer/[132.2688515,34.2913211],[132.2694234,34.2919450],[132.2694657,34.2919496],[132.2701581,34.2915076]/open
multipolygon/way/outer/[132.2701581,34.2915076],[132.2705814,34.2912373],[132.2705823,34.2912365],[132.2705853,34.2912293],[132.2705870,34.2912071],[132.2700545,34.2906391],[132.2696488,34.2902410],[132.2693946,34.2899470],[132.2688777,34.2902550],[132.2686518,34.2903554],[132.2686913,34.2904510],[132.2687444,34.2905250],[132.2687190,34.2906228],[132.2687416,34.2908626],[132.2688515,34.2913211]/open

Element:2193992/大野学園
outer/open/S:[132.2702129,34.2915416]/E:[132.2693593,34.2929252]
outer/open/S:[132.2693593,34.2929252]/E:[132.2702129,34.2915416]
outer/open/S:[132.2688515,34.2913211]/E:[132.2701581,34.2915076]
outer/open/S:[132.2701581,34.2915076]/E:[132.2688515,34.2913211]

■１６行目　開始と終了座標の重複関係（チェーンのロジックが甘い）

{"type":"Feature","geometry":{"type":"MultiPolygon","coordinates":[[[[136.7525298,36.4918441],[136.7524635,36.4917780],[136.7522300,36.4916970],[136.7521478,36.4916756],[136.7520762,36.4916586],[136.7522181,36.4912314],[136.7522181,36.4912314],[136.7522538,36.4911257],[136.7527923,36.4912430],[136.7531584,36.4913106],[136.7532818,36.4913163],[136.7534291,36.4913163],[136.7536016,36.4912825],[136.7536394,36.4913016],[136.7538638,36.4919116],[136.7533603,36.4920187],[136.7532466,36.4920851],[136.7532466,36.4920851],[136.7528605,36.4922964],,]]]},"properties":{"name":"市立湯涌小学校;市立芝原中学校"}},

Element:2461262/市立湯涌小学校;市立芝原中学校
outer/open/S:[136.7525298,36.4918441]/E:[136.7522385,36.4922191]
outer/open/S:[136.7522385,36.4922191]/E:[136.7528428,36.4923057]
outer/open/S:[136.7528428,36.4923057]/E:[136.7528605,36.4922964]
outer/open/S:[136.7532466,36.4920851]/E:[136.7528605,36.4922964]
outer/open/S:[136.7532466,36.4920851]/E:[136.7522181,36.4912314]
outer/open/S:[136.7522181,36.4912314]/E:[136.7525298,36.4918441]

Element:2461262/市立湯涌小学校;市立芝原中学校
multipolygon/way/outer/[136.7525298,36.4918441],[136.7525191,36.4919477],[136.7523850,36.4920566],[136.7522994,36.4920966],[136.7521668,36.4921299],[136.7522385,36.4922191]/[136.7525298,36.4918441]/[136.7522385,36.4922191]/open
multipolygon/way/outer/[136.7522385,36.4922191],[136.7524679,36.4925042],[136.7528428,36.4923057]/open
multipolygon/way/outer/[136.7528428,36.4923057],[136.7528605,36.4922964]/open
multipolygon/way/outer/[136.7532466,36.4920851],[136.7528605,36.4922964]/open
multipolygon/way/outer/[136.7532466,36.4920851],[136.7533603,36.4920187],[136.7538638,36.4919116],[136.7536394,36.4913016],[136.7536016,36.4912825],[136.7534291,36.4913163],[136.7532818,36.4913163],[136.7531584,36.4913106],[136.7527923,36.4912430],[136.7522538,36.4911257],[136.7522181,36.4912314]/open
multipolygon/way/outer/[136.7522181,36.4912314],[136.7520762,36.4916586],[136.7521478,36.4916756],[136.7522300,36.4916970],[136.7524635,36.4917780],[136.7525298,36.4918441]/open

■４９行目　open/close混在

{"type":"Feature","geometry":{"type":"MultiPolygon","coordinates":[[[[132.3460048,34.3576352],[132.3470032,34.3568309],[132.3472314,34.3568208],[132.3473039,34.3568176],[132.3487473,34.3575028],[132.3479855,34.3585686],[132.3460048,34.3576352]][[[132.3458543,34.3574708],[132.3458205,34.3575025],[132.3458205,34.3575025],[132.3456375,34.3576737],[132.3456375,34.3576737],[132.3453800,34.3579146],[132.3453800,34.3579146],[132.3441089,34.3578162],[132.3438479,34.3572590],[132.3436980,34.3570214],[132.3437452,34.3569602],[132.3437452,34.3569602],[132.3443120,34.3569654],[132.3443747,34.3569433],[132.3443747,34.3569433],[132.3444224,34.3568566],[132.3444224,34.3568566],[132.3444363,34.3568314],[132.3445849,34.3565613],[132.3445849,34.3565613],[132.3458727,34.3566554],[132.3458209,34.3570957],[132.3458209,34.3570957],[132.3462155,34.3571329],[132.3462155,34.3571329],[132.3458543,34.3574708]]]]},"properties":{"name":"県立廿日市高等学校"}},

Element:6695883/県立廿日市高等学校
outer/close/S:[132.3460048,34.3576352]/E:[132.3460048,34.3576352]
outer/open/S:[132.3453800,34.3579146]/E:[132.3437452,34.3569602]
outer/open/S:[132.3437452,34.3569602]/E:[132.3443747,34.3569433]
outer/open/S:[132.3443747,34.3569433]/E:[132.3444224,34.3568566]
outer/open/S:[132.3444224,34.3568566]/E:[132.3445849,34.3565613]
outer/open/S:[132.3445849,34.3565613]/E:[132.3458209,34.3570957]
outer/open/S:[132.3458209,34.3570957]/E:[132.3462155,34.3571329]
outer/open/S:[132.3462155,34.3571329]/E:[132.3458543,34.3574708]
outer/open/S:[132.3458543,34.3574708]/E:[132.3458205,34.3575025]
outer/open/S:[132.3458205,34.3575025]/E:[132.3456375,34.3576737]
outer/open/S:[132.3456375,34.3576737]/E:[132.3453800,34.3579146]

Element:6695883/県立廿日市高等学校
multipolygon/way/outer/[132.3460048,34.3576352],[132.3470032,34.3568309],[132.3472314,34.3568208],[132.3473039,34.3568176],[132.3487473,34.3575028],[132.3479855,34.3585686],[132.3460048,34.3576352]/close
multipolygon/way/outer/[132.3453800,34.3579146],[132.3441089,34.3578162],[132.3438479,34.3572590],[132.3436980,34.3570214],[132.3437452,34.3569602]/open
multipolygon/way/outer/[132.3437452,34.3569602],[132.3443120,34.3569654],[132.3443747,34.3569433]/open
multipolygon/way/outer/[132.3443747,34.3569433],[132.3444224,34.3568566]/open
multipolygon/way/outer/[132.3444224,34.3568566],[132.3444363,34.3568314],[132.3445849,34.3565613]/open
multipolygon/way/outer/[132.3445849,34.3565613],[132.3458727,34.3566554],[132.3458209,34.3570957]/open
multipolygon/way/outer/[132.3458209,34.3570957],[132.3462155,34.3571329]/open
multipolygon/way/outer/[132.3462155,34.3571329],[132.3458543,34.3574708]/open
multipolygon/way/outer/[132.3458543,34.3574708],[132.3458205,34.3575025]/open
multipolygon/way/outer/[132.3458205,34.3575025],[132.3456375,34.3576737]/open
multipolygon/way/outer/[132.3456375,34.3576737],[132.3453800,34.3579146]/open

■５１行目　開始と終了座標の重複関係（チェーンのロジックが甘い）

{"type":"Feature","geometry":{"type":"MultiPolygon","coordinates":[[[[135.2138484,34.8757282],[135.2138100,34.8758206],[135.2137778,34.8759130],[135.2136739,34.8760200],[135.2134729,34.8761976],[135.2133867,34.8762447],[135.2133205,34.8763335],[135.2131703,34.8765637],[135.2132785,34.8765564],[135.2133602,34.8766253],[135.2134088,34.8767322],[135.2135900,34.8768373],[135.2137998,34.8770185],[135.2138948,34.8770149],[135.2139466,34.8769946],[135.2139466,34.8769946],[135.2141069,34.8770856],[135.2141069,34.8770856],[135.2140959,34.8772106],[135.2142063,34.8772976],[135.2143565,34.8773012],[135.2144537,34.8772269],[135.2144537,34.8772269],[135.2147009,34.8773253],[135.2147477,34.8774526],[135.2148711,34.8776598],[135.2150357,34.8778010],[135.2151474,34.8779265],[135.2151474,34.8779265],[135.2151761,34.8781131],[135.2152689,34.8781657],[135.2152777,34.8783505],[135.2153329,34.8785191],[135.2155066,34.8786963],[135.2156417,34.8787745],[135.2157880,34.8788036],[135.2160420,34.8787438],[135.2163049,34.8786097],[135.2165059,34.8784647],[135.2166451,34.8783596],[135.2167357,34.8783143],[135.2168594,34.8783542],[135.2169698,34.8783179],[135.2168597,34.8781969],,,,,,]]]},"properties":{"name":"三田学園"}},

Element:7405669/三田学園
outer/open/S:[135.2168497,34.8744494]/E:[135.2182031,34.8753919]
outer/open/S:[135.2182031,34.8753919]/E:[135.2188862,34.8763019]
outer/open/S:[135.2188862,34.8763019]/E:[135.2168597,34.8781969]
outer/open/S:[135.2151474,34.8779265]/E:[135.2168597,34.8781969]
outer/open/S:[135.2151474,34.8779265]/E:[135.2144537,34.8772269]
outer/open/S:[135.2141069,34.8770856]/E:[135.2144537,34.8772269]
outer/open/S:[135.2141069,34.8770856]/E:[135.2139466,34.8769946]
outer/open/S:[135.2138484,34.8757282]/E:[135.2139466,34.8769946]
outer/open/S:[135.2138484,34.8757282]/E:[135.2139569,34.8756058]
outer/open/S:[135.2144410,34.8747498]/E:[135.2139569,34.8756058]
outer/open/S:[135.2144410,34.8747498]/E:[135.2144648,34.8747641]
outer/open/S:[135.2144648,34.8747641]/E:[135.2168497,34.8744494]

Element:7405669/三田学園
multipolygon/way/outer/[135.2168497,34.8744494],[135.2169509,34.8742607],[135.2171440,34.8744521],[135.2176275,34.8750204],[135.2179338,34.8752357],[135.2182031,34.8753919]/[135.2168497,34.8744494]/[135.2182031,34.8753919]/open
multipolygon/way/outer/[135.2182031,34.8753919],[135.2184922,34.8756854],[135.2187441,34.8759397],[135.2189045,34.8760912],[135.2188323,34.8761162],[135.2188862,34.8763019]/open
multipolygon/way/outer/[135.2188862,34.8763019],[135.2189217,34.8764159],[135.2189772,34.8764354],[135.2189328,34.8765172],[135.2188489,34.8766965],[135.2188283,34.8767888],[135.2188457,34.8769551],[135.2188647,34.8770760],[135.2190057,34.8772968],[135.2187254,34.8774865],[135.2185337,34.8776321],[135.2183516,34.8777360],[135.2181457,34.8778452],[135.2179176,34.8778582],[135.2177323,34.8778504],[135.2176626,34.8778465],[135.2174931,34.8778815],[135.2172746,34.8779504],[135.2171463,34.8780154],[135.2169879,34.8781115],[135.2168597,34.8781969]/open
multipolygon/way/outer/[135.2151474,34.8779265],[135.2151761,34.8781131],[135.2152689,34.8781657],[135.2152777,34.8783505],[135.2153329,34.8785191],[135.2155066,34.8786963],[135.2156417,34.8787745],[135.2157880,34.8788036],[135.2160420,34.8787438],[135.2163049,34.8786097],[135.2165059,34.8784647],[135.2166451,34.8783596],[135.2167357,34.8783143],[135.2168594,34.8783542],[135.2169698,34.8783179],[135.2168597,34.8781969]/open
multipolygon/way/outer/[135.2151474,34.8779265],[135.2150357,34.8778010],[135.2148711,34.8776598],[135.2147477,34.8774526],[135.2147009,34.8773253],[135.2144537,34.8772269]/open
multipolygon/way/outer/[135.2141069,34.8770856],[135.2140959,34.8772106],[135.2142063,34.8772976],[135.2143565,34.8773012],[135.2144537,34.8772269]/open
multipolygon/way/outer/[135.2141069,34.8770856],[135.2139466,34.8769946]/open
multipolygon/way/outer/[135.2138484,34.8757282],[135.2138100,34.8758206],[135.2137778,34.8759130],[135.2136739,34.8760200],[135.2134729,34.8761976],[135.2133867,34.8762447],[135.2133205,34.8763335],[135.2131703,34.8765637],[135.2132785,34.8765564],[135.2133602,34.8766253],[135.2134088,34.8767322],[135.2135900,34.8768373],[135.2137998,34.8770185],[135.2138948,34.8770149],[135.2139466,34.8769946]/open
multipolygon/way/outer/[135.2138484,34.8757282],[135.2139569,34.8756058]/open
multipolygon/way/outer/[135.2144410,34.8747498],[135.2142345,34.8747938],[135.2142332,34.8747784],[135.2139596,34.8748246],[135.2139569,34.8749654],[135.2139891,34.8750865],[135.2140535,34.8752031],[135.2140548,34.8753065],[135.2140280,34.8753483],[135.2140655,34.8754198],[135.2140696,34.8754660],[135.2140092,34.8755376],[135.2139569,34.8756058]/open
multipolygon/way/outer/[135.2144410,34.8747498],[135.2144648,34.8747641]/open
multipolygon/way/outer/[135.2144648,34.8747641],[135.2147851,34.8747097],[135.2149154,34.8746535],[135.2149728,34.8746154],[135.2151010,34.8746227],[135.2153130,34.8745937],[135.2156311,34.8745158],[135.2158962,34.8744632],[135.2160133,34.8744723],[135.2160752,34.8745158],[135.2163424,34.8745538],[135.2166928,34.8745627],[135.2168269,34.8745616],[135.2168859,34.8745220],[135.2168497,34.8744494]/open

■６５行目　開始と終了座標の重複関係（チェーンのロジックが甘い）

{"type":"Feature","geometry":{"type":"MultiPolygon","coordinates":[[[[139.5367811,35.4014980],[139.5366918,35.4014001],,,,,]]]},"properties":{"name":"横浜市立 東戸塚小学校"}},

Element:7759967/横浜市立 東戸塚小学校
outer/open/S:[139.5390562,35.4003465]/E:[139.5371949,35.4019679]
outer/open/S:[139.5371949,35.4019679]/E:[139.5368627,35.4015931]
outer/open/S:[139.5368627,35.4015931]/E:[139.5367811,35.4014980]
outer/open/S:[139.5367811,35.4014980]/E:[139.5366918,35.4014001]
outer/open/S:[139.5368989,35.4013533]/E:[139.5366918,35.4014001]
outer/open/S:[139.5368989,35.4013533]/E:[139.5389578,35.4003755]
outer/open/S:[139.5389578,35.4003755]/E:[139.5390562,35.4003465]

Element:7759967/横浜市立 東戸塚小学校
multipolygon/way/outer/[139.5390562,35.4003465],[139.5389353,35.4019347],[139.5380395,35.4021992],[139.5376264,35.4021358],[139.5371949,35.4019679]/open
multipolygon/way/outer/[139.5371949,35.4019679],[139.5368627,35.4015931]/open
multipolygon/way/outer/[139.5368627,35.4015931],[139.5367811,35.4014980]/open
multipolygon/way/outer/[139.5367811,35.4014980],[139.5366918,35.4014001]/open
multipolygon/way/outer/[139.5368989,35.4013533],[139.5366918,35.4014001]/open
multipolygon/way/outer/[139.5368989,35.4013533],[139.5375642,35.4012028],[139.5374046,35.4007360],[139.5389578,35.4003755]/open
multipolygon/way/outer/[139.5389578,35.4003755],[139.5390562,35.4003465]/open
